一定	1	11.3213125107,49.540213472
一流	1	-2.69105734711,48.0200034716
一级	1	58.8875878845,27.3303458642
一致	1	31.9375144583,14.7573277037
一贯	1	19.3885575821,36.6442092604
上等	1	-33.9593582223,-40.0278704719
不屈	1	29.6756124356,-32.5793916133
不赖	1	-42.202116657,2.72205413381
不错	1	-31.3042616161,-11.4115892486
专注	1	-16.2919985925,36.3314929441
严正	1	13.7501053407,-15.6604343939
严肃	1	45.2304718667,22.0839507322
严谨	1	28.36136278,32.0550456999
中心	1	-43.9529454556,42.1982390572
中肯	1	-5.82493786538,24.8082711506
主动	1	-0.436792032551,43.7687670618
主导	1	5.85825464727,33.816656515
主要	1	29.6092014983,51.2999510306
义务	1	21.4670920484,24.6129540492
乐观	1	11.2936343859,-28.7722361951
乖巧	1	-10.6459621229,-11.9380545442
亲切	1	-10.0703037492,-6.40446655805
人和	1	29.3853326988,1.3038111804
人道	1	44.2081233222,1.92319524484
仁义	1	15.2757307758,38.027343391
仁慈	1	59.489367118,0.0160005030711
仁爱	1	33.146913407,-22.4815691559
从宽	1	3.01350432017,13.9719381287
仔细	1	-8.84954156276,43.5794838894
任意	1	-24.8991437006,-47.0753486732
优异	1	-6.0961971003,50.5640604551
优惠	1	-17.4292907604,-1.55437484383
优秀	1	21.8809447866,-27.4803122635
优美	1	-16.7173258949,-9.26000273737
优质	1	-18.3527248632,22.2642155377
优越	1	9.02548385773,2.7027552348
优雅	1	-14.6635089924,-55.1224308999
伟大	1	16.700627811,-9.12794004385
传统	1	9.8357451482,40.1648899504
低价	1	-22.8276378253,20.5487927174
低廉	1	-4.67446616676,42.9793507015
低调	1	-23.4248956159,29.1787707825
体面	1	6.53543337492,-2.30506970116
便利	1	-36.8224700495,34.3688729095
便宜	1	-12.0528770584,2.90346656472
便当	1	23.8270524052,62.3109596791
便捷	1	-17.154413786,37.3297727428
便民	1	-43.9565757432,42.1934030944
保险	1	-19.6338428037,37.8790462822
俨然	1	-24.4952438091,22.203389104
值钱	1	20.6406973437,-46.8802971422
健全	1	-3.47138829659,41.2225894747
健康	1	19.8534871056,-40.2754062584
像样	1	3.18350299854,3.0837678174
先进	1	-3.96680888918,47.1643397906
光亮	1	44.4232779138,-1.35618266539
光彩	1	29.6122912576,20.6458683656
光明	1	-58.6012599517,18.9788158727
光荣	1	4.02384989969,-18.4938929351
光辉	1	53.1224922565,-3.2594832141
免费	1	-37.7102075031,35.4207015561
全新	1	-16.4884809279,-3.03637310462
全能	1	-58.6739599226,-11.5200806942
公允	1	20.5244345618,35.4643316271
公平	1	29.6434712891,30.8007680251
公开	1	23.4680220998,29.9799476423
公正	1	29.3312638901,30.5763925061
公道	1	13.8690113101,-23.1318713892
关键	1	-29.3254527458,18.0584093745
兴盛	1	8.85522045978,26.2687374863
兴隆	1	-15.4470548265,23.7600282755
典型	1	-21.6623548305,29.6134949825
内向	1	-16.0591133311,-37.5826105411
决定	1	-2.20795283817,-24.4924351456
准时	1	-14.425786018,4.97987457906
准确	1	11.8168108167,53.8576290794
出色	1	-13.0877802981,-13.5001891415
分明	1	-48.9192182555,10.3162431113
切身	1	30.3285948334,-46.6593482022
到家	1	-34.4183868271,-28.3788402618
刺眼	1	-0.79438576593,-50.155305855
动人	1	-17.2971334768,-10.1688285077
勇敢	1	-34.1152521088,59.718986952
勇猛	1	-7.21144401094,12.9374828918
勤劳	1	26.4652586687,-0.685078298908
勤奋	1	-32.9160649263,23.8715093866
华丽	1	-25.0819739708,-47.7954392402
卓越	1	-5.83686340163,47.0623061782
单一	1	9.74035575056,26.3453507311
单纯	1	16.9911588486,-5.3537493875
博大	1	-32.2717513281,-1.3536489067
博雅	1	-39.8798682357,15.6836887948
卫生	1	-19.2425058079,54.7316993565
厚道	1	13.279314516,13.6037497853
及格	1	-8.73330915681,-17.7337415854
友善	1	25.0446924857,0.445816432722
友好	1	26.1509413773,0.842601296004
友爱	1	33.4833457789,11.4525812245
变通	1	0.54723838448,-22.4886021633
可乐	1	-32.7970467739,-23.2516171172
可信	1	-3.64898561248,25.1074295328
可口	1	-2.79071617361,-42.5901502537
可喜	1	-0.416660675206,20.9808239055
可嘉	1	-4.17567311316,7.85614439582
可敬	1	-8.85793550779,-10.8028360867
可爱	1	-8.86257148957,-11.1621743781
可笑	1	18.9015161548,6.98424516724
可能	1	-35.3710805276,55.6509614506
可贵	1	22.1819222586,-45.9409524492
可靠	1	-31.984045824,30.8318373707
合格	1	-3.75647594755,39.4999184197
合法	1	9.32961726309,18.6630517135
合理	1	9.97206740341,52.5691159474
合群	1	-20.825836965,-17.6176540064
合适	1	20.5297973401,16.8321149929
吉利	1	-23.0453321273,11.2219486849
吉祥	1	-4.33849440277,-35.9502222399
同情	1	56.6243940186,9.29638120249
名牌	1	-21.4518961751,21.3624390573
名誉	1	13.4794342973,12.5404693362
周到	1	2.37288720483,27.7866332371
周密	1	0.709878930337,42.836407592
和善	1	24.7573991225,1.49717158937
和平	1	23.2511894127,-13.6992465506
和睦	1	18.0390029298,-8.71416626004
和蔼	1	24.2753266935,-0.5601157898
和谐	1	20.9260551049,-16.278016919
善意	1	13.2770654608,-5.30520794873
善良	1	28.5742760777,0.28331111927
喧闹	1	0.188352699706,-42.8896720841
噱头	1	45.4661326484,-8.70181173927
团结	1	29.9142312446,11.8598457418
固定	1	-39.8166298218,37.9917250733
圣洁	1	5.39663448111,-49.96394067
在理	1	-62.5225511761,-20.4373070037
在行	1	57.968531597,28.6950558576
地道	1	-16.1091824295,12.6916935453
均衡	1	6.76401215089,40.5356199231
坚决	1	48.2921747585,28.3167499446
坚固	1	-15.3656038363,23.8175521354
坚定	1	19.7682264316,-20.2051745527
坚实	1	-18.2746503442,37.7702135443
坚强	1	23.6798520732,-32.5705704189
坚韧	1	17.6993830806,-11.029416442
坦白	1	2.58187774102,13.2197213786
基本	1	48.7036561883,-4.4527316057
基础	1	-2.73338209386,41.4431527681
壮丽	1	4.22536950584,-49.2984351972
壮观	1	-52.6165539162,-36.8396115937
外向	1	-20.2209256955,12.8601658839
多情	1	-34.3813847313,-44.9685960325
大好	1	-13.9246249768,-44.3689104908
大度	1	-38.1582369176,8.92226333053
大方	1	22.4969360872,1.05428526235
大胆	1	6.38018445543,-35.7385161184
天才	1	-18.1211930305,-14.5506341509
天真	1	-51.7136729743,33.0463841816
太平	1	-32.3480206484,-41.1178995129
头号	1	-16.4399509283,-47.7621637723
头等	1	-42.4859181877,29.6247083329
头面	1	-52.0283766291,-19.2224217369
奇妙	1	-25.1537059219,-13.8593811265
好使	1	-38.623616075,-9.96489529205
好受	1	-47.9268850073,-3.61519015512
好吃	1	-16.1387494999,-32.5837960093
好听	1	-37.8735934901,7.21388526628
好客	1	26.7675040779,-1.95704930625
好心	1	-42.0533284025,-1.32694521274
好玩	1	-49.1834391195,8.87913854655
好看	1	-30.2679087726,-10.8131357898
好笑	1	-33.9969682592,-0.318072289402
好过	1	-20.6685615843,-9.38886607121
妖娆	1	-13.502236358,-54.9108181934
妥当	1	-13.5524801298,41.5118044016
委婉	1	-36.0143716498,-6.52766284133
威严	1	24.5623070289,51.9950416987
威武	1	-35.6399383723,-9.31302413111
威风	1	-62.8227258422,-19.3006197935
娴熟	1	-3.87274941324,58.6759929214
宁静	1	1.59588031848,-47.1648101333
守法	1	-0.93130656626,33.3700735849
安全	1	-0.563763736842,38.5099606711
安分	1	18.9781285349,-15.6355877983
安好	1	22.5299730644,-33.886799811
安宁	1	20.6263098276,-20.1542730494
安定	1	20.6356141707,-16.1632961622
安康	1	19.9695971363,-30.1036626447
安生	1	-10.2012725535,-47.2810624728
安稳	1	6.85585079662,-35.0151827888
安详	1	0.982131124697,-47.1363344763
安逸	1	-2.69357666437,-43.6105532336
安静	1	-12.3784283086,-54.6959880778
安顿	1	3.9905463066,-27.303387394
完全	1	30.8522562089,29.452707594
完善	1	-4.17831170063,42.1867019359
完备	1	0.245823524819,38.8479363197
完好	1	-53.1400172788,19.1931994302
完整	1	-24.080746866,32.024324118
完美	1	-17.3183302732,-8.12088435268
宏伟	1	-26.4977214474,-6.86816405073
不惜	2	7.74177868177,-8.74647375221
主持	2	31.007258128,37.69222666
乐意	2	26.1279232884,4.34782228168
亲热	2	-40.3311578012,-12.4598150484
以期	2	43.9345163978,11.7567938019
企盼	2	6.49862809016,-43.5631720637
伸张	2	26.3923970249,-29.4002712193
佩服	2	-38.5251868007,2.7703077808
供奉	2	38.6220889534,29.4785179928
侧重	2	15.0398691805,-0.149797605311
倾向	2	13.6473876095,45.1183000948
偏好	2	7.19984243878,51.3174833672
偏爱	2	-15.2106847801,-9.29360625232
允许	2	17.5362799876,22.875940333
入魔	2	-43.9519971134,-40.0274263899
公祭	2	31.4890161336,36.8919282839
关切	2	-14.3621189488,43.4457934975
关心	2	12.0953004952,-24.7740559696
关怀	2	20.1344952683,-8.10664611067
关注	2	33.4936400789,53.3776731688
关爱	2	16.6972682469,-25.7780865661
参拜	2	38.6725638028,29.040048025
叫好	2	43.4051017041,-52.1020146057
吃醋	2	-17.8265829213,12.4812112808
同意	2	14.7123888235,31.7104780155
向往	2	-0.227158277791,-48.5303110093
喜悦	2	-4.18131857535,-35.9391746142
喜欢	2	-16.1865450992,-17.3225972074
喜爱	2	-10.983789713,-5.24437225622
喝彩	2	14.7339329207,1.37507715953
嘉奖	2	-32.8537708101,61.9938200428
在乎	2	-1.36067561883,-62.0393454011
在心	2	-29.0520661825,11.6136060856
在意	2	-37.5347347962,2.99552276801
奖励	2	-27.706121855,58.9683332975
奢望	2	-9.06787685025,-18.7696639509
好奇	2	-32.1044042733,-15.2500876711
如意	2	40.8641266633,15.7938827613
妄想	2	-58.2919714637,-7.1608437314
嫉妒	2	-23.4359337628,-4.68245757532
孝顺	2	1.49885761014,-29.2670442223
守候	2	5.5475214988,-27.5759830412
容许	2	57.067687466,-0.277185008158
宽松	2	17.5752588525,23.9156169024
尊敬	2	30.3180349371,40.697485016
尊重	2	-15.9310975228,-17.5172146814
崇尚	2	23.5204517349,38.3814731384
崇拜	2	-24.626451159,-21.3560213298
崇敬	2	20.7402194331,-7.59144633505
希望	2	18.8800046275,-28.6402437079
庆幸	2	-52.6532156377,-38.1319954324
庆祝	2	-18.3260021822,-6.71134315818
庆贺	2	17.405126017,-41.5454559005
开心	2	-12.5919782134,-29.6762452641
得意	2	-38.0770043362,-19.5337394078
心疼	2	17.8301567865,-59.2245534865
志愿	2	-39.7692791163,37.9300395436
快乐	2	-17.3570491482,-29.7170615159
怀念	2	29.5037016666,-49.4302557082
思念	2	-20.5742071317,-31.3152376874
恋爱	2	-3.58212186231,-4.65591615322
恭喜	2	-11.1715367238,-3.97698308828
恭维	2	-13.8237843065,4.2145444632
悬赏	2	-26.7796445502,46.653220611
情愿	2	-49.1831032499,-31.0460043714
惊喜	2	-17.520844459,-23.9223870018
惬意	2	-3.63830144878,-44.8870431988
想念	2	-17.308549121,-32.4404177523
愉快	2	-16.9226071798,-35.2843292953
愉悦	2	-21.1905557663,-9.30343701628
意欲	2	-63.8690967849,-6.66272819575
感恩	2	15.3611334912,-38.0474421282
感激	2	14.8224579213,-37.0096781352
感谢	2	14.1267219507,-34.1471407855
愿意	2	-7.6036281034,-11.9151808592
憧憬	2	-0.253066641985,-10.1956710785
批准	2	36.7211984268,48.8802208023
抓紧	2	-43.015427868,-28.6591860143
拜拜	2	-19.300663985,-21.2340116997
拥护	2	26.3147691395,38.5836137329
指望	2	-5.03574124209,13.6893559377
挚爱	2	32.7421950172,-39.6206501396
接受	2	10.7182503068,-20.6337079376
推崇	2	39.1590687022,6.065011513
提倡	2	20.6379414254,28.8406092887
撑腰	2	-23.0387597578,-3.24342945282
支持	2	21.4436177481,34.7024573409
敬仰	2	-1.67390391985,62.6855640128
敬佩	2	-32.8713560032,22.3875207475
敬慕	2	-12.2398787181,31.3137563763
敬爱	2	-1.14730796167,-1.16293103137
敬畏	2	22.9406095963,-46.1682848687
敬礼	2	-28.8103673274,65.0457165447
敬重	2	-2.12690441544,62.4574199786
无愧	2	-28.0697609354,58.970551291
景仰	2	-15.3113087785,-37.5461042221
有心	2	-24.0161250256,4.21324489544
有意	2	-6.09089662026,24.1058055083
朝拜	2	44.6926328668,35.4921589301
期待	2	-15.8381017297,-25.0439241907
期望	2	16.3618950268,-27.1625284509
期盼	2	18.8903479567,-31.7200683919
梦想	2	4.22029181653,-19.360349619
检点	2	-50.4422201539,-19.6323876377
欢乐	2	-17.3232231335,-30.9367336295
欢喜	2	-19.9928934414,-5.44145317981
欢快	2	-9.03139372593,-6.56165524153
欢愉	2	-21.817120733,-26.665752024
欢迎	2	-15.0162316285,34.3408829038
欣喜	2	12.2766088865,-40.1253760804
欣慰	2	40.2646943166,-20.1235240927
欣赏	2	-15.2709236444,-55.3116822229
歌颂	2	29.2539720528,41.2259767184
注意	2	-31.0474723019,42.6854157659
注重	2	-1.96130168287,42.9268697531
渴望	2	24.9858790098,-14.686058609
渴求	2	16.8671868977,-4.44989254506
溺爱	2	-0.207194437566,-10.0035870227
满意	2	33.3823922316,-12.4618703235
满足	2	8.80551391659,54.4948711433
点头	2	-13.8141188396,29.3115385704
热心	2	27.0035402243,-3.11653393159
爱上	2	-17.4663722734,-15.9322360129
爱好	2	24.2029733364,-14.3021855219
爱恋	2	-23.2760447019,-35.1132602025
爱惜	2	18.3320508503,-45.8836015494
爱戴	2	20.3888111255,-10.0110678363
爱护	2	20.3402569171,24.8856969001
牵挂	2	12.8987690406,-28.272933409
特许	2	-7.28093193497,50.9695228018
狠抓	2	6.38741484131,41.6709320812
珍惜	2	17.7962070254,-42.4976950086
珍爱	2	19.4831952349,-42.216614209
珍视	2	5.96153151527,-50.3046988936
珍重	2	34.8796067808,-4.20204322913
理会	2	39.5618567378,48.8974772703
甘心	2	-51.0400187377,-3.92767267086
畅快	2	17.8988596659,-46.6388124045
留心	2	-31.9785378699,42.2568508103
留意	2	-29.1050709952,41.0981342177
留神	2	-23.9347716214,28.6136386108
痴情	2	-10.4552382033,18.4270659061
痴迷	2	-24.9712425558,-13.8283192613
盼望	2	22.8923014833,-12.1662604783
看中	2	-14.7697762356,-2.44579340248
看重	2	-3.48595176187,-4.68704517337
眷恋	2	-3.24919330387,-45.7410125525
眼热	2	56.4530283864,-17.8920488469
着想	2	-1.00276043418,-15.1228649998
着眼	2	-8.01088943216,50.9964264552
着迷	2	0.468996503986,-61.9455887081
瞩目	2	31.1312839271,40.8227812788
知足	2	17.080924218,-37.3488003269
祝愿	2	21.4647007247,-27.9312987977
祝福	2	19.9778395875,-29.4748568302
祝贺	2	-14.2437793414,33.5586590637
祭奠	2	40.4327978435,37.2458200088
祭扫	2	42.1055801848,34.8618221548
祭祀	2	42.1389415454,34.9048970085
称赞	2	57.9465707666,7.01406660027
稀罕	2	8.63788528782,2.41488011871
竟敢	2	-0.107747960436,31.6895940958
答应	2	14.4716812352,31.6575862784
答谢	2	14.8416320009,-38.7576951807
维护	2	48.8701158249,28.4580795814
羡慕	2	-23.2915350509,-5.16120254688
考究	2	-30.5908980321,-20.6787887312
聚焦	2	2.31061865332,-39.421367203
肯定	2	-4.6244635936,15.9101490182
胆敢	2	21.4606147896,-20.4279016943
自愿	2	11.6947362308,14.5838969247
致敬	2	-28.9508354231,64.925947882
舒服	2	-44.7654427435,-38.4171489429
表彰	2	-32.9035418649,62.4723020791
表扬	2	-15.9727402335,13.9824121341
褒奖	2	38.3798197626,30.4265244751
觊觎	2	30.8278270174,-10.8687606836
认可	2	-4.81851017637,36.1921307986
讲究	2	15.1065662014,46.535641612
讴歌	2	-22.5594962814,5.06335487022
许可	2	-6.20314146818,39.8903789284
谢谢	2	12.6534985535,-23.9417734207
贪恋	2	-41.0307644857,18.8709090127
赞同	2	21.0346515784,30.7894980239
赞成	2	21.1580211418,30.1815130725
赞扬	2	-27.7170527579,65.9948751244
赞美	2	15.6028285311,-33.0946470199
赞誉	2	-25.1765027561,-50.2292932192
赞许	2	57.2225411366,7.67647357855
赞赏	2	21.0067301098,59.6524580021
赞颂	2	-22.8229071573,4.91549850432
过问	2	8.64804438114,10.5403070949
迎接	2	20.8406820683,-42.5511111252
迎来	2	2.74458841315,-38.4506185146
迷恋	2	-20.0686707003,-16.9429806571
通过	2	-35.8031493199,33.7940899339
酷爱	2	-12.7857425459,-12.7081352215
采纳	2	-13.9680385457,42.3310695903
重视	2	-30.8397822653,43.6107466509
销魂	2	-43.5606345371,-9.43586624583
万恶	3	39.4730198823,4.5824682329
下作	3	39.7503260003,-32.2557409848
下流	3	39.7820438115,14.4903805838
不便	3	-28.8822117342,40.874957145
不公	3	7.19894269807,9.28790520305
不利	3	53.2124391258,18.0169659342
不力	3	2.20277828896,46.3360633912
不和	3	12.4162203974,-5.01125835838
不善	3	7.33910252004,39.3351953821
不妙	3	-38.2854224844,-21.6183073543
不妥	3	20.3020098138,15.7391596724
不宜	3	-24.3145172624,28.1564239801
不对	3	-53.2523635473,10.2025623518
不尽	3	-5.82791950153,-34.1673245411
不平	3	7.61433226169,-61.6398077324
不幸	3	15.7789778675,-44.2810246921
不当	3	6.5462927329,50.9171848599
不易	3	14.6606811628,-42.0040118159
不法	3	59.6682073868,0.446705710673
不济	3	-20.8254520161,44.545989235
不等	3	-23.4283837477,18.9135573485
不良	3	14.1188306193,45.7590210776
不行	3	-57.06660724,0.986642301028
不详	3	-43.7562405568,21.779721691
不轨	3	28.6128645886,15.0922991241
丑恶	3	56.9564765594,10.5378865175
丑陋	3	47.6086740329,-7.36839569575
专制	3	6.17250977538,33.009738323
世俗	3	17.3213852,25.1731444916
丢脸	3	39.1897086612,-25.785410095
严厉	3	51.4435291481,17.0753695701
严峻	3	1.65299972021,39.1233545269
严肃	3	45.2305930879,22.0839077638
严酷	3	12.5195814228,64.531398515
严重	3	34.8284763707,53.3199678431
主观	3	10.6480951724,51.885180298
乱套	3	25.1234039373,17.7337892274
二手	3	-22.4699541058,20.7847206208
伪善	3	-2.53515401086,63.9778063802
伪造	3	-21.2619949005,46.8095193852
低下	3	-14.8059195873,5.70212291765
低俗	3	-66.9413251973,8.29288229933
低劣	3	12.4449682239,43.4445883062
低级	3	14.600788911,37.3706367172
低贱	3	0.486220820011,62.5756368929
低迷	3	5.2539479001,-11.29930151
保守	3	17.0281733328,25.9180274434
倔强	3	-16.9061438743,-43.334683771
倾斜	3	-41.4260403631,30.149918659
假冒	3	-21.2526879417,46.9602493144
假想	3	-34.9866326994,56.2312936098
偏激	3	20.8246477228,14.1962038341
做作	3	-49.9466987923,-27.2490764485
傲慢	3	-2.85219534218,64.7706197739
冒牌	3	-19.6941536645,51.7879632825
冒险	3	-19.8522519035,-24.7917170375
冷淡	3	-7.05353545051,21.7225687987
冷清	3	-11.2195623374,-34.3555333456
冷漠	3	47.4725352119,-9.02056793581
冷落	3	0.0484813541574,-30.6742130647
冷酷	3	51.3613775831,-5.85460864021
冷门	3	-29.3460539766,-20.6841337281
凄凉	3	-5.18927355677,-27.5035444858
凄惨	3	-15.7545139179,-46.5150150266
凌乱	3	-32.987161796,-22.2637580391
凶恶	3	56.308861632,24.7457033201
凶悍	3	14.6561046542,1.85844806377
凶残	3	58.7295633864,-3.72396864959
凶狠	3	55.839630686,-24.7860648407
凶猛	3	-56.4681848883,19.9831347775
凶险	3	-7.18215827511,-27.7202663945
凹凸	3	-42.7802431507,-6.66300852548
别扭	3	-3.7686975496,-28.3861967826
刺眼	3	-0.794205943209,-50.1517630611
刺耳	3	-53.1582449189,-32.3597747387
刺鼻	3	-46.8882471786,-17.2909445133
剧毒	3	-27.8214669987,39.7770095455
剩余	3	-28.4214255697,47.9042599168
劣等	3	22.7843315627,39.0581333134
劣质	3	-41.6941544387,-12.8068931747
动荡	3	5.67808825197,-12.1381473414
势利	3	0.507256207168,19.7930059281
勉强	3	-9.82473783721,12.2664563438
匿名	3	-32.0179595576,30.6023397428
卑劣	3	58.9345511521,-4.70843358943
卑微	3	54.699439289,-25.8959268332
卑贱	3	41.6194385953,2.94001423242
卑鄙	3	40.0838665194,14.7852138581
单薄	3	-27.5855788394,-50.1622371026
危急	3	-32.2571625431,57.5017048428
危殆	3	-40.7590530854,17.5857099911
危险	3	-40.8803448336,18.0649216381
厉害	3	-52.0413044113,-28.7467529112
原始	3	-2.70523388658,61.4867112136
反面	3	27.8102344628,42.9621666448
变态	3	-59.9499326465,-8.37440742581
变相	3	-5.68550249658,34.5548482235
古怪	3	-20.3184828162,51.2850902659
可怕	3	-55.158535108,-31.3575639391
可怜	3	32.1434626841,-11.0978408775
可恨	3	37.4140939863,-6.03514317503
可恶	3	37.6542270164,-6.5498256366
可悲	3	18.8904419633,6.91691895173
可憎	3	36.9712318263,-4.49480719746
可耻	3	61.8220764383,-1.26346167182
名义	3	10.4959218105,19.8814497935
吓人	3	-53.3385643125,-31.2315891817
否定	3	26.3447918926,13.0976117507
含糊	3	-14.6684741869,44.7100546516
喧嚣	3	-25.5620673029,-49.4721628012
嘈杂	3	-22.8093220796,-7.64763015914
嚣张	3	56.8007044717,27.4950618204
困苦	3	12.7499349625,-10.6662462394
困难	3	0.471310489209,-22.5883654597
困顿	3	23.3170039503,61.2633864311
坎坷	3	13.3333549615,-16.0069967629
复合	3	-23.0337777653,12.1710014944
复杂	3	1.62997887165,37.6828349032
外行	3	25.4170899826,17.1995457966
多事	3	-32.9462600821,-40.5281708022
多余	3	7.14611243064,-34.5062634974
够呛	3	-51.5056234292,-30.2704736648
大意	3	-32.6188452156,-53.3239692061
天真	3	-51.7093829796,33.0420581526
失实	3	32.4670825219,53.3271902798
失常	3	12.9265946824,7.35993851185
失当	3	32.7453853892,16.198517847
失落	3	-24.6346002454,-38.9301888357
头痛	3	-33.1644334884,-36.8783374451
奢侈	3	6.46032630213,-2.92201071423
奢华	3	-15.4399299689,-5.30068227352
孤僻	3	-16.8206718769,-39.2373996631
孤单	3	24.7058508466,-32.069910474
孤独	3	-24.5927374176,-38.8545272794
孤立	3	28.0612864344,8.13980500369
官僚	3	28.033725182,23.3975056917
寂寞	3	-23.3942590171,-35.7332435688
寒碜	3	-6.42308505528,-37.6312592742
封建	3	9.51215503656,40.1710961332
封闭	3	-40.700324301,30.5039596944
小气	3	-26.8794376126,-29.3983405227
差劲	3	-18.0982535319,-0.269800390804
干燥	3	-56.420573138,19.8143315216
平淡	3	-26.9112389061,-21.2368591813
幼稚	3	19.9835569631,10.3277404899
废旧	3	-17.2467979721,52.1018149222
废物	3	-4.96784214109,50.1709350039
异常	3	-39.1005349331,-32.2825306564
弱势	3	4.12517675611,7.29619862567
弱小	3	6.80407445799,8.97745227213
弱智	3	-33.5026305869,-0.141451437129
强制	3	12.31062449,52.4226898807
强暴	3	2.82556596899,-6.82978042783
徒劳	3	15.5719278498,38.4748225854
德行	3	-35.874469804,-1.28180815256
心切	3	-10.5020524561,18.4008721325
心狠	3	32.5424415947,-38.4624132936
急于	3	39.0415817461,8.66758325108
急切	3	58.3333278813,34.5324390106
急躁	3	-44.1055055388,-27.5250397883
怯懦	3	41.9444439228,10.8522722484
恍惚	3	12.9484390812,7.39910140449
恐怖	3	35.1927475405,53.2918890383
恶劣	3	2.23851072844,20.2316173919
恶心	3	-31.9799512673,2.83903381473
恶毒	3	37.7163803114,2.99429572754
悬空	3	-47.6632907526,-17.9103036307
悲凉	3	23.2666315126,61.0776254173
悲剧	3	47.3486981464,-35.8675989538
悲惨	3	62.8554300586,-1.34060831854
悲观	3	-5.61975903626,2.77662200752
惊人	3	-15.3428812151,15.9167389733
惊险	3	-48.2740787671,-12.0749295921
惨烈	3	-56.5744444416,21.3073744268
惨痛	3	47.149307548,-37.6801736454
愚昧	3	11.0699075774,20.5377401011
愚蠢	3	39.4074210661,-2.62782824607
愚钝	3	32.4063532467,-1.6150747871
慵懒	3	-18.429386784,-33.1219681743
懈怠	3	-8.06398647678,43.2515592864
懒惰	3	-32.9144044736,23.5730402741
懒散	3	-44.5524175211,-22.5299818328
懵懂	3	-10.3659495414,-20.3991582588
所谓	3	11.3710930628,26.2253375275
投机	3	0.0821323574303,18.9115443605
拙劣	3	-56.7251496876,2.2604272225
拥挤	3	-49.2227070012,-19.9585158987
挤满	3	-54.0398780305,10.6659096424
放纵	3	-2.44238701415,7.82931691096
放肆	3	-46.017245764,-0.702244971781
敌对	3	29.7973309803,-25.6724736298
无力	3	34.8264586624,-48.1417889044
无助	3	48.1830676676,3.56415724332
无常	3	17.3552659706,-43.3254758212
无情	3	48.0627376981,-9.12527686697
无效	3	-44.4712698806,22.3327480681
无望	3	4.82033145226,-10.1094152125
无理	3	42.2248224438,2.6211033407
无用	3	25.3413418308,-40.1117030234
无益	3	22.8157881449,-2.49487368017
不容	4	56.9326063859,-15.2431276748
不屑	4	-17.4149779019,-55.7655125493
不平	4	7.61408991325,-61.6445201598
不快	4	-31.4734045958,3.64202218667
不悦	4	-12.8061521762,31.1875162883
不满	4	35.3853091634,20.4923873398
不甘	4	24.1650892046,-40.5430821254
不顾	4	-33.2273465559,58.194957693
为难	4	2.13483586335,11.7983040505
义愤	4	36.3901678632,-1.59268485599
仇恨	4	40.6579282726,48.9091692405
仇视	4	28.7571449605,10.6509764156
介意	4	-45.4848721478,6.8322520596
伤心	4	38.497603148,-23.5180897331
低沉	4	-33.459150958,-34.2785871079
低落	4	32.4754791001,-48.1424783703
体恤	4	-62.9096838608,-19.0091793927
体谅	4	19.0250342254,-59.5208529264
傻眼	4	-46.7528586214,-5.43894807644
内疚	4	21.7808399403,1.28602706298
冒火	4	27.5266656793,43.4082256707
冷淡	4	-7.0532791939,21.7185157309
出气	4	3.01069546143,7.08833314905
动怒	4	-37.6686276975,6.89334276189
动摇	4	28.6239211955,29.9833798274
包容	4	17.2467093274,-6.71589841759
厌倦	4	43.4030755607,-52.1015519914
厌恶	4	37.3185660299,-16.9004615417
厌烦	4	21.5289566776,10.3635240298
原谅	4	56.418536122,-17.014781337
反感	4	-16.4141540266,-55.6057691144
发作	4	3.54545829422,20.7864740342
发呆	4	-16.1026084219,12.5297990987
发怒	4	33.0559452193,-40.5078538548
发愁	4	-42.7556099982,-38.6492810098
发愣	4	-34.569538156,-34.2997481806
发毛	4	-59.6480450386,-9.20040507083
发火	4	-47.5747554961,-11.4205794141
变脸	4	-31.213742981,-2.40112842631
变色	4	-32.2068762155,-33.8037934539
叫嚣	4	6.54311647265,31.6773042049
可怜	4	32.1410588238,-11.0995220602
可惜	4	-29.3430641297,-10.3708620995
同情	4	56.6156540243,9.29612069663
后怕	4	-52.6392766217,-38.2507337372
后悔	4	-3.14449178476,-16.8996466384
咋舌	4	33.547565574,-26.2097267987
咒骂	4	38.7788530487,-8.74312163058
哀伤	4	31.6202307275,-25.5706822648
哀怨	4	-14.9748298393,-45.1477437773
哀痛	4	26.3933788237,-47.9293914699
唯恐	4	44.7784173422,12.2426374082
唾骂	4	24.1383458001,10.7396124941
嘀咕	4	-44.7595137692,-25.2077393765
回头	4	-38.0309036675,-21.1094336619
在乎	4	-1.36067830786,-62.0135883758
埋怨	4	-5.44887565692,-22.9277309208
埋没	4	-6.51629242497,26.8347837039
声讨	4	55.7462920337,3.70148527656
失意	4	-38.6952607531,-34.1242372385
失望	4	41.6145636565,-25.8888939096
委屈	4	-4.06564715177,-25.2820986544
嫉恨	4	33.3412517458,4.51570158507
嫌弃	4	-25.3781140316,-3.87165412041
害怕	4	-44.2767847951,-34.8404666527
害羞	4	-26.9725895591,-30.0435947615
宽恕	4	56.4490775757,-16.5066969659
寒心	4	39.7585724442,-32.2336738852
尴尬	4	-35.8904056602,-21.0817537061
开炮	4	-51.3319207935,17.8078294345
彷徨	4	-9.7416368481,-43.7726448348
徘徊	4	-42.1829835406,-16.6567577154
心寒	4	46.9899562573,-10.6246979047
心烦	4	15.0836936507,10.9662822911
心疼	4	17.8325460494,-59.2190122255
心碎	4	47.5015685385,1.00445230972
心虚	4	18.8101984803,16.9556877288
心酸	4	-12.1743068761,-29.5198251118
忌惮	4	57.5293846604,27.714017724
忍让	4	50.6217795948,1.89677337406
忏悔	4	51.8908149662,-13.3861345186
忧伤	4	-27.2774627854,-31.2833591213
忧心	4	-10.5500098113,-21.4588134595
忧愁	4	-41.8281011378,4.7540913257
忧虑	4	6.69279671874,-22.4997842598
忧郁	4	24.6331356633,51.9887557906
忽略	4	-4.08305563242,13.1271495011
忽视	4	7.16446287956,25.7018745995
怀恨	4	-29.0592602394,11.6108230954
怀疑	4	-7.235969397,1.56880893091
怒斥	4	22.8956247908,34.1227221161
怒骂	4	-47.3151407531,3.98505665833
怕生	4	25.4026579616,-33.9478179061
怜悯	4	48.5857160125,2.4982056017
怜惜	4	40.8445463683,-18.0257001414
急眼	4	-18.012129373,-42.5196282413
怨恨	4	35.2960656707,20.1726745603
怪罪	4	32.7071875029,4.7792596126
恐惧	4	65.5612049485,-13.212041645
恐慌	4	51.5563531409,17.1263830236
恼怒	4	-14.5884660978,11.0374859799
恼火	4	-56.2973006542,-28.5941070543
悔恨	4	-51.6545648781,34.5222458873
悬念	4	-10.8242981318,-45.9973901825
悲伤	4	6.21839282054,-27.8705809955
悲切	4	-46.1676104978,-34.6551407563
悲哀	4	-48.7920012941,-1.73363675791
悲恸	4	0.610317537166,-29.9784515105
悲痛	4	43.6480738352,-19.8718841143
惆怅	4	-11.1170164396,-45.0489779779
惊叹	4	47.7850426212,5.27095095096
惊奇	4	-32.6594943032,-13.3735978326
惊恐	4	36.1265620885,-19.8446071286
惊愕	4	-19.2390364134,54.5685263521
惊慌	4	-42.8649613739,-18.5330237027
惊讶	4	17.201768538,10.6760641071
惊诧	4	37.4929826866,-21.1856389198
惊骇	4	42.5375934488,-22.6562284165
惋惜	4	43.5280466741,-18.5732513105
惦记	4	-46.8467326498,6.32921315985
惧怕	4	41.6117670499,10.5618337969
惨痛	4	47.150943822,-37.6845488972
惭愧	4	40.7140348075,-24.9503087502
惶恐	4	-43.8526909486,-34.743394698
感伤	4	33.780055647,-23.2990611982
愣住	4	-55.0431843483,11.3650836102
愤怒	4	40.8763823772,48.9173152489
愤恨	4	41.2247805012,-19.1722927481
愤懑	4	36.1500030132,-3.75523364595
愧对	4	-1.16185241916,-1.2044060482
愧疚	4	55.0027064042,-25.5801804399
憋闷	4	-38.8256758296,-23.8251033192
憎恨	4	27.2931096192,11.6273312408
憎恶	4	27.2333077845,11.766037078
懒得	4	-46.5647978386,6.26810371779
打骂	4	2.86396967109,-7.87039777012
批斗	4	12.5172533144,64.4989341918
扼腕	4	34.8327359233,-23.9638127932
抑郁	4	-2.37395516627,-8.02724363257
抓瞎	4	-8.55459412762,27.1502121837
投诉	4	-7.45498536425,39.0730513125
抗议	4	36.2102827595,22.7637760321
抨击	4	14.1173600742,14.486501168
抱怨	4	-2.33058854108,-16.1255318437
抱恨	4	43.7209082319,-38.8332813334
抱歉	4	-66.9358027568,8.29175935826
担心	4	-43.8065945364,-38.7323232722
担忧	4	42.7252102825,-14.1126095279
挂念	4	10.8491469845,-22.1349006718
指责	4	52.93465596,8.75237495522
挖苦	4	-62.9203284482,-7.06243027875
揪心	4	29.8361659102,-48.5047113826
摇摆	4	-48.7630808195,-20.7777310729
撒气	4	2.0977103599,6.84485988979
操心	4	8.86302371674,17.7658085846
攻击	4	58.2725332703,34.605263453
敌视	4	30.6761344002,10.3184205322
教训	4	48.1265786401,-39.0545180292
斗争	4	47.2868769467,28.0150608167
斥责	4	52.1081736888,-4.33597245043
无心	4	51.8630295147,-13.5653303265
无意	4	-15.5276460067,-23.1281171003
无聊	4	-32.4556969378,-12.054714701
无视	4	59.1620270718,-5.98156378847
有愧	4	-8.49129545671,-47.8050836739
杀气	4	-32.6143607575,27.6239982654
歧视	4	27.9866773875,8.78686169699
气愤	4	39.8559385578,-23.3174999799
汗颜	4	-3.90390449123,7.84013908377
沉痛	4	54.4215902924,0.822476090552
沉重	4	30.2821554623,-47.997328985
沮丧	4	-13.9692690075,-34.1783403614
泄气	4	-13.4446452238,68.3680380616
清算	4	28.0343360345,23.3923001272
漠视	4	49.0314429114,-5.12216848974
激愤	4	44.8731473831,-17.2315581563
灰心	4	-4.58995171742,-44.7507360474
烦恼	4	-6.08830981562,-27.5523626171
烦扰	4	34.2514464647,-27.3527693165
烦躁	4	-43.9121173423,-27.7771030886
焦急	4	6.73818895182,-22.5588144415
焦灼	4	-44.6343124366,-21.8784475224
焦虑	4	-42.0033241483,-34.7642395916
犹豫	4	-21.5880365585,-18.3248619282
猜忌	4	32.0468461089,10.0263091846
猜疑	4	1.52473001924,-41.3573190631
生怕	4	-50.6122392561,-30.6132195373
生恐	4	-32.9645767327,-43.008423515
生气	4	-42.5544428316,3.39437430631
生疑	4	-23.4763302552,12.8646513266
畏惧	4	-33.3161070604,58.2055468944
疑惑	4	-5.08061399558,-23.70961495
痛心	4	40.8001750907,-22.0579096283
痛恨	4	65.5555168704,-13.211453996
痛惜	4	43.845400075,-18.0844052445
痛斥	4	54.9182206221,0.889727849954
痛骂	4	49.0654030568,2.16670899926
眷顾	4	13.4206242276,-29.183903824
着急	4	-50.9525862965,-39.5887220329
窝囊	4	-48.4942701722,-3.14550181026
SB	5	-33.0351986085,0.590810721656
BT	5	-32.7577620098,26.3720758925
TMD	5	-49.7368502493,-3.65796118225
给力	5	-16.311738291,-23.6529500789
屌丝	5	-26.6048807661,-21.2294475443
弱爆	5	-38.7413021622,-10.9060705744
坑爹	5	-44.3418784905,-7.60082747515
吐槽	5	-56.7733643213,2.0655454023
尼玛	5	-44.608226463,-7.43365635699
猥琐	5	-60.4016992486,-8.04940164248
郁闷	5	-34.0987722676,-28.527882746
忧桑	5	-38.3798827155,10.4928771477
艾玛	5	-33.7794380089,-53.4534719329
打酱油	5	-13.4507056347,68.3863593531
重口味	5	-33.2347854402,-11.5420681758
