1	0	一斑	1	17.4410944293,-44.4449641407
1	0	三资企业	1	-37.4799934387,28.182504849
1	0	不下于	1	-5.94782959704,-38.6326874812
1	0	不见	1	32.9293510437,-11.0580592396
1	0	专一性	1	26.7068334351,-25.6250783918
1	0	世界语	1	26.2950598125,-37.5876798539
1	0	业户	1	54.4917291162,23.6402001154
1	0	东岳	1	-9.71239572648,31.7861830041
1	0	丧气	1	33.1901438701,-12.8257288375
1	0	中国式	1	22.640335364,-21.8982993774
1	0	举报人	1	-42.8885548936,-14.9246783674
1	0	九州	1	-12.6662760194,32.2857425305
1	0	乡绅	1	-5.37692207416,-33.7795239544
1	0	乡邻	1	-16.2527340521,-42.1694025777
1	0	书画展	1	52.7392880137,0.924336096853
1	0	了	1	-6.96337838517,-1.0134335732
1	0	互助会	1	-15.4165793624,-42.8223069054
1	0	交响诗	1	35.0839377825,-35.4608723834
1	0	交界	1	-11.9710726033,30.5733966747
1	0	亲近感	1	25.6685181747,-28.0259136955
1	0	人学	1	23.8134109165,-37.5015599179
1	0	人平	1	13.5964659551,-51.6888754478
1	0	任职	1	-13.5426188562,-28.6212627768
1	0	任课	1	-52.8937350768,14.2986271708
1	0	低血压	1	-7.81253227738,8.89243780606
1	0	佐料	1	31.2658630251,47.532235541
1	0	使劲	1	-1.89426512662,1.76478565699
1	0	侍奉	1	7.82166709931,-43.7722060615
1	0	信封	1	-57.7277284856,-20.5465842477
1	0	信息	1	-46.7657150193,-21.6339582606
1	0	信息员	1	-25.2967337699,-18.4134029403
1	0	信箱	1	-54.7847026776,-20.9702530597
1	0	修养	1	20.4391232838,-37.2209898364
1	0	倩影	1	42.8552538004,-5.44373334729
1	0	倾向性	1	22.1939926499,-28.0027417913
1	0	偏见	1	22.5970214263,-27.1361371076
1	0	停止	1	-53.059183993,-17.9646153096
1	0	偷猎	1	18.8109135777,7.09898880277
1	0	入迷	1	27.8182448076,-4.32981096611
1	0	公务机	1	-10.9611032473,55.6560765143
1	0	公干	1	34.3954309709,8.50738645493
1	0	共和党	1	12.4196980643,-18.9049615306
1	0	写字	1	-48.4895375487,13.2449079978
1	0	军事学	1	6.7016026748,-15.3290765224
1	0	军费	1	9.84139277668,-15.9587106808
1	0	冬候鸟	1	21.1076813544,4.05947113538
1	0	冲积	1	-11.2704659245,23.5581574926
1	0	凭单	1	-38.6278443459,-21.6320982908
1	0	出奇	1	24.3238002726,-16.8061954607
1	0	出轨	1	9.83096878219,-26.6551744891
1	0	分析家	1	10.1152690727,-16.2186125125
1	0	分解	1	5.91488912164,61.4140382944
1	0	初级	1	-54.6028089526,18.1222426068
1	0	刨除	1	-28.740778284,51.3235496664
1	0	刮脸	1	51.3624051826,23.0189481314
1	0	剥削	1	-1.93061215288,-33.0543965311
1	0	力求	1	31.4092331532,-49.3524333891
1	0	加权	1	54.2700819854,38.8887477579
1	0	加法	1	2.86902715676,58.6162872748
1	0	劳教	1	-35.8607935599,-39.2872615235
1	0	勾当	1	-0.659213096634,-34.47509668
1	0	化工厂	1	7.7021015447,58.2908564168
1	0	医务所	1	-46.6271669788,18.7396420666
1	0	单口	1	40.6611247102,-34.2706656757
1	0	卖座	1	3.33908498179,-8.65488561479
1	0	危重	1	-26.5690469795,22.9314646855
1	0	厅房	1	34.6240804973,13.5731573333
1	0	双面	1	21.4681136747,33.4817607645
1	0	发生	1	-28.2820588217,10.6106266068
1	0	发迹	1	-6.57529136627,-28.0168471656
1	0	号称	1	-5.66425764874,-25.5244148106
1	0	合议庭	1	-22.2633014157,-6.73789639099
1	0	同比	1	53.5217749676,37.8081796323
1	0	名画	1	28.0654223018,22.3950682376
1	0	名诗	1	20.6941066209,-40.6506715234
1	0	告慰	1	15.6162802201,-7.44024549545
1	0	员工	1	-15.2088436947,-30.650994261
1	0	周刊	1	30.0786083555,-43.5585344618
1	0	咂嘴	1	37.6419940632,-19.2320226529
1	0	和善	1	4.27654824201,-52.0330241283
1	0	咧	1	36.9753832126,-17.0013830159
1	0	哑巴亏	1	-56.994283134,-8.09763526218
1	0	哥俩	1	-1.74420411183,-55.0482583388
1	0	哥特式	1	10.8472561988,22.9466789527
1	0	哲学家	1	20.8694463605,-30.9172895327
1	0	商用	1	-10.4546604535,55.7141447534
1	0	嘘声	1	46.7643484744,-17.2456229247
1	0	回填	1	2.62128887243,18.8604109119
1	0	回生	1	30.1353717904,50.7202657615
1	0	因果	1	-10.0148763177,-17.8976375847
1	0	图案画	1	36.1122565768,34.9988893909
1	0	土邦	1	-26.4793570215,-33.6201828732
1	0	圣城	1	-21.7986058064,-26.45761845
1	0	塑性	1	12.0784736881,39.3323638506
1	0	墙	1	8.05503002121,23.6946707535
1	0	增支	1	-9.36940633069,43.4507069087
1	0	多亏	1	-18.0005841559,-40.847076331
1	0	多发	1	-36.6211509076,-13.7429994788
1	0	大作品	1	34.7210024415,-35.8718728108
1	0	大枣	1	38.1311809671,48.0597893265
1	0	大片	1	3.33515720301,-8.6799667076
1	0	大部	1	-30.9364893116,-31.3049641471
1	0	大马哈鱼	1	16.3763465225,9.56904095852
1	0	天女	1	14.2850159476,-49.1406958259
1	0	太公	1	8.90355822102,-44.4683562861
1	0	奉陪	1	-4.44286827643,-9.31479482043
1	0	套路	1	23.5894388552,-17.4708095099
1	0	娴雅	1	42.8196648021,-5.99570316725
1	0	字幕	1	4.20809530327,-2.53998959519
1	0	孩子王	1	-1.77580689285,-56.1529539413
1	0	安全观	1	4.98980274286,-16.1332461142
1	0	安身	1	11.704590299,-40.3998638368
1	0	安闲	1	32.6926743761,-4.65146773347
1	0	完婚	1	-6.89214335086,-51.1626938893
1	0	宗族	1	-5.78371581208,-33.5807661707
1	0	宝库	1	30.6404481504,20.4013182714
1	0	实用化	1	-9.36949267306,55.8520125209
1	0	实验舱	1	3.44079550661,48.2553842403
1	0	宣传部	1	-50.6300953523,-23.7266689166
1	0	宽限	1	-52.2150414659,-28.6108603566
1	0	富家	1	-6.60716638099,-28.156675287
1	0	对唱	1	39.023392599,-31.566555416
1	0	寻欢作乐	1	8.27328316346,-26.6537485595
1	0	将才	1	5.69322473888,-50.4738264048
1	0	小巷	1	4.05532476601,29.379772232
1	0	小记	1	24.1898923546,-46.1173754136
1	0	山墙	1	9.97825672804,24.9176339368
1	0	山雀	1	17.9630512532,3.75845268448
1	0	岳母	1	-5.22731441116,-52.6116113254
1	0	工程院	1	6.17268845105,49.5294995281
1	0	巨大	1	15.4301500825,-13.8837803931
1	0	布阵	1	-13.314446078,-24.4440714986
1	0	带状	1	-10.2590141567,24.0299557248
1	0	平衡	1	55.3405807435,-30.0249327157
1	0	年轻	1	44.4843395887,-9.78309008795
1	0	幻象	1	20.8287414387,-11.6332049147
1	0	广播	1	3.07166176371,-3.78130267309
1	0	庄严	1	12.8198822438,19.3079736057
1	0	底稿	1	-46.6941408827,-19.0340853476
1	0	废止	1	-35.5852531789,-39.6664596902
1	0	归程	1	31.6546309728,3.85106113288
1	0	归隐	1	11.8360146585,-39.5503077602
1	0	彩球	1	33.9394851055,28.9511609461
1	0	得出	1	-26.1766701233,45.3779187576
1	0	徜徉	1	27.9346321713,-2.14986295457
1	0	微型机	1	-20.7513843446,44.8355718779
1	0	快餐盒	1	24.919477118,43.2525040755
1	0	怪异	1	24.5461935572,-11.6975948358
1	0	恐怖	1	-28.3999247478,2.50262147942
1	0	恶斗	1	13.2619091594,-19.5096208441
1	0	悬索	1	-6.180656619,24.3234398988
1	0	意向	1	-49.8046647663,-25.6988167183
1	0	所以然	1	13.9380491931,-45.4233124772
1	0	所有权	1	-32.2847452982,-34.566031796
1	0	打招呼	1	3.37106971593,-52.998871926
1	0	打猎	1	20.5885712695,9.67331052919
1	0	打非	1	-38.3993447124,-13.4025324718
1	0	扫把	1	-16.8411965858,1.51508457413
1	0	扶手椅	1	29.016078178,26.3504014309
1	0	抗癌	1	39.6503550669,48.007164049
1	0	折半	1	-28.747130801,51.3735221578
1	0	抢救	1	-26.0915496727,22.4446949159
1	0	抬价	1	-41.9431122765,44.6727416043
1	0	拆散	1	-9.07453203534,-50.5317158016
1	0	挂历	1	41.0845443682,15.5545399183
1	0	挂帅	1	-13.8344597447,-26.0134534726
1	0	挨着	1	4.10502486289,27.770567603
1	0	捐助	1	-18.8101595794,-43.2560591382
1	0	捕捞	1	17.2518888657,8.45330306515
1	0	授业	1	-1.67245064625,-42.3525364662
1	0	接待	1	35.0218790845,10.1482304597
1	0	推脱	1	-56.8831703248,-8.24538236668
1	0	掩	1	36.0417328351,-14.8713143294
1	0	提款	1	-34.8381645799,-20.43948172
1	0	插入	1	5.82430967231,1.0668117518
1	0	摇动	1	7.99240334702,1.68765030496
1	0	撑腰	1	-4.46882892927,-9.62312340211
1	0	撕裂	1	-8.41380727177,6.03514196256
1	0	操作台	1	23.5125213025,42.4269363855
1	0	收到	1	-53.1049625892,-20.4812764158
1	0	放手	1	-3.47002973481,-2.43597695607
1	0	教导员	1	-23.9071795883,-16.741265775
1	0	散热器	1	18.0460294746,42.3488589518
1	0	敲击	1	7.73977910181,1.85744728335
1	0	文化界	1	53.4367279971,-35.9274560143
1	0	方向舵	1	11.4688994958,36.5132365962
1	0	方士	1	14.7322907068,-46.7047207992
1	0	旅程	1	31.4974936366,3.54905651771
1	0	旅费	1	34.1431328637,7.90686612551
1	0	无方	1	-0.535931858834,-42.0067398617
1	0	时序	1	-23.1807743416,36.0919997689
1	0	时文	1	1.71456799303,-45.388231917
1	0	时速	1	0.156525141806,35.5369358091
1	0	明太鱼	1	33.0127343346,49.7052076684
1	0	晚饭	1	-47.3140889955,8.57033977693
1	0	晨钟	1	25.9694770195,-0.705797860788
1	0	曝露	1	15.1008672587,-21.2591588567
1	0	曲牌	1	38.9708597663,-32.6881487456
1	0	曲线美	1	35.9388080117,32.9984474926
1	0	服	1	-52.5520524991,-24.8608734142
1	0	木纹	1	25.1103546077,32.1052959439
1	0	木耳	1	38.2532216003,48.0361347482
1	0	木莲	1	48.2471667216,1.69270157594
1	0	未成年人	1	-37.4268228444,-6.75238079628
1	0	本原	1	25.3175414257,-30.9072003506
1	0	本文链接	1	-19.4239405818,-43.8857295508
1	0	本钢	1	18.7763605964,55.1187858493
1	0	来客	1	28.9004015269,-0.534002862228
1	0	松开	1	-1.79327603668,2.20545289401
1	0	松香油	1	8.81484965368,62.0088988894
1	0	林产品	1	29.0684367018,33.9608622941
1	0	果儿	1	34.6079170796,-29.2583382417
1	0	果料	1	33.9217403394,52.3838235194
1	0	柔道	1	-0.844800818459,-20.3456410967
1	0	柚木	1	26.4250379223,31.9329900798
1	0	查	1	-41.9498114805,-14.9080239396
1	0	柱子	1	8.19827620024,22.9448448341
1	0	核岛	1	3.91728930468,50.4416713068
1	0	核政策	1	6.11632375226,-15.6844202461
1	0	核电	1	4.60347678356,51.1006761471
1	0	根目录	1	4.9415953359,1.13640540434
1	0	档案	1	-46.4518047187,-20.1736896908
1	0	梨园戏	1	39.662558105,-33.4615366748
1	0	检讨书	1	0.447451657005,-41.9970415319
1	0	槐树	1	48.6007752417,3.66181611709
1	0	模拟	1	-24.7577756941,43.3966855661
1	0	横跨	1	-12.5103724477,30.1708562431
1	0	橡皮筋	1	-1.71198637304,3.92789027422
1	0	次要	1	-10.3481472685,-17.1788597687
1	0	欢度	1	51.4481326587,-1.10752486621
1	0	歌赋	1	21.0523344454,-40.011517528
1	0	正史	1	16.475924047,-45.740836774
1	0	民	1	-7.01592988946,-38.2017103585
1	0	民族性	1	24.8242468279,-27.5101032009
1	0	气	1	17.8774290671,46.2408292549
1	0	氨水	1	8.21350358535,61.3653575135
1	0	水罐	1	-20.5866067066,20.0102732194
1	0	永生	1	19.5968093015,-11.3722263977
1	0	汇款	1	-35.6798950618,-18.5155633502
1	0	污迹	1	35.4454847111,40.4012377372
1	0	汽修	1	53.6747563294,23.4836469524
1	0	沉痛	1	15.3811661893,-7.72186716669
1	0	沙化	1	42.3177993976,5.43207458864
1	0	油香	1	30.111452579,47.8854410644
1	0	法例	1	-33.6042195096,-40.0157552923
1	0	法盲	1	1.68493538199,-37.8223603016
1	0	泗	1	-10.8982838811,30.9254419995
1	0	洪水	1	-13.3873542265,22.3086851806
1	0	流亡	1	-22.7888261961,-26.6663945022
1	0	海疆	1	5.88867583624,44.0257619837
1	0	海螺	1	18.7722009606,55.1248965443
1	0	消亡	1	17.2147766322,-13.7688914879
1	0	涓滴	1	16.33697,-31.044998216
1	0	涨幅	1	53.8472950551,38.2829148144
1	0	深思	1	21.4163817816,-24.6729948343
1	0	清秀	1	42.5990265431,-8.58952048683
1	0	游园会	1	51.7592112412,0.41264879251
1	0	游鱼	1	15.4974083942,10.0471588526
1	0	滑雪鞋	1	-5.40963245051,17.7622116967
1	0	演算	1	-24.6048027714,44.3756545579
1	0	演艺界	1	53.2775239673,-36.2870760166
1	0	漫笔	1	25.4540247022,-45.3237261169
1	0	灯	1	17.9450187176,43.2533890494
1	0	灵堂	1	15.1054090691,19.333258073
1	0	炸肉	1	31.8516657222,49.420217068
1	0	点点	1	10.1267611277,-2.73155619054
1	0	烟酒	1	40.8050702773,15.4050302513
1	0	烤炉	1	23.3398195414,42.7353969529
1	0	热心人	1	-17.6666431888,-41.8193504636
1	0	热闹	1	50.1196135753,0.0667200224607
1	0	煤化工	1	4.59432866579,53.7158322133
1	0	燃起	1	-18.4064186361,11.8870393651
1	0	爱妻	1	-6.18992599474,-51.4694876234
1	0	片麻岩	1	-7.30524176541,23.4794539914
1	0	犯忌	1	2.54526469587,-39.5964947439
1	0	独立团	1	-22.7378669612,-17.3176949688
1	0	猜疑	1	21.6589387364,-25.5880762302
1	0	猥亵	1	-36.9536380377,-6.46942943941
1	0	献身	1	16.6600154283,-5.94940569462
1	0	玉米粒	1	33.9266785627,46.6611534033
1	0	现钞	1	-34.933994959,-19.7738187541
1	0	球部	1	-2.99676500324,10.0987407217
1	0	理论课	1	-53.835813626,16.7233055461
1	0	瓦舍	1	41.4721833332,-29.807716752
1	0	生土	1	2.68123560942,19.8615669725
1	0	电厂	1	5.54986486612,53.7797518951
1	0	画框	1	28.9382235079,25.9649473023
1	0	疾苦	1	-10.2912510666,-39.2656024515
1	0	癫狂	1	21.9396378516,-12.0267753064
1	0	监工	1	3.68736024182,16.7301326778
1	0	督促	1	-50.8400946479,-17.8941062048
1	0	知会	1	-51.1494933978,-27.934151605
1	0	研钵	1	34.3190818814,50.6534603927
1	0	硅酸盐	1	12.1039184893,40.1003976852
1	0	磁体	1	12.1654012362,41.0280573894
1	0	祭台	1	14.3802629378,19.4271803325
1	0	禅让	1	6.58499147017,-44.020833639
1	0	私生活	1	10.013325547,-26.0370410259
1	0	秃鹰	1	17.0474226966,3.84556985061
1	0	积	1	15.7054044911,-31.1722717884
1	0	移民	1	-23.3270449995,-29.0996992771
1	0	空想家	1	17.9321469682,-30.669261433
1	0	空手	1	23.8475014457,17.5034171147
1	0	章程	1	-35.5661839092,-41.0495011682
1	0	笔名	1	28.6926141152,-43.912592345
1	0	筹组	1	-24.0601855872,-25.1737664924
1	0	管乐器	1	36.5541846338,-33.0514450768
1	0	篇幅	1	29.2419077058,-47.0170549715
1	0	粗话	1	35.8535940025,-21.5210164051
1	0	紧俏	1	-41.9433137482,44.6833175647
1	0	繁殖地	1	20.910925596,4.16763427901
1	0	红砖	1	9.57514082028,23.6321843659
1	0	线	1	10.2119478291,-3.2492295842
1	0	终审权	1	-30.2740584722,-33.1374635441
1	0	终身大事	1	-8.11783114117,-50.7393417432
1	0	结巴	1	37.3853718817,-21.1052225798
1	0	结膜	1	-35.4690325605,27.2091044032
1	0	绝唱	1	11.9440832101,-38.2502469781
1	0	绿林好汉	1	-4.32636084057,-34.666105727
1	0	缆车	1	-5.43587295778,43.5108478261
1	0	缎带	1	34.2678951525,30.0116445537
1	0	罗曼史	1	8.37091363126,-28.7846569266
1	0	羊绒	1	28.8180940195,33.7093703964
1	0	美元	1	-33.5250013803,-21.4705289206
1	0	美发	1	52.3157844518,23.2103167881
1	0	翻飞	1	9.96501930568,2.08244641676
1	0	耿直	1	4.68157516239,-51.5628121449
1	0	聋哑人	1	-30.1675159927,-16.8297734547
1	0	肌瘤	1	-33.2083488747,28.3404245732
1	0	肥沃	1	42.1333480399,5.84558962329
1	0	脊椎骨	1	-3.87749025934,7.97262002432
1	0	脑髓	1	-3.45689764275,8.98023535851
1	0	脚蹼	1	14.1715053982,10.6688692463
1	0	腐烂	1	35.4064892694,40.7134705837
1	0	自传	1	27.956172279,-44.5647383
1	0	自在	1	32.5378871117,-4.4646917646
1	0	自治领	1	-28.6302552092,-33.6862436784
1	0	自语	1	32.5813612982,-11.6570260541
1	0	自转	1	-23.4201957777,33.6601905337
1	0	致电	1	-50.7889288124,-24.8977894294
1	0	良民	1	-0.706211330089,-35.1356832524
1	0	色	1	22.6875164365,33.0212651762
1	0	节约	1	3.0287224003,57.5358227266
1	0	花市	1	49.2057951788,1.44734342335
1	0	莫名	1	30.9300201943,-11.6745041284
1	0	获知	1	-47.4283541842,-22.4864485759
1	0	葵花	1	26.6131976823,17.890571455
1	0	蓄水量	1	-11.8192401498,22.129300371
1	0	藏刀	1	25.0845113545,19.0574616165
1	0	藏医	1	31.0605718324,19.737783173
1	0	蛟龙	1	5.79815963716,45.5492551269
1	0	蜘蛛	1	15.3947592016,2.51429037851
1	0	蝴蝶	1	14.0793020159,2.3202865378
1	0	血亲	1	-9.61831749773,-18.847220714
1	0	衬裙	1	35.9582559891,31.8341171105
1	0	裁	1	-13.7227407471,-4.86740042034
1	0	裁判权	1	-30.1669847872,-33.3810971564
1	0	裁缝店	1	50.3505002923,22.8117755119
1	0	装订	1	-58.4363425079,-20.3473084217
1	0	要点	1	29.8042713474,-47.8140450874
1	0	覆灭	1	-19.9333015016,-21.915957317
1	0	观世音	1	14.4085384452,-48.4540007981
1	0	观测点	1	-12.38686237,25.41636763
1	0	观瞻	1	6.62729209812,29.4398052285
1	0	视差	1	-24.4665086513,33.3637381474
1	0	角球	1	47.5632705359,-17.096084153
1	0	角色	1	7.98115965585,-29.911724628
1	0	解气	1	2.33545579963,-37.2590227427
1	0	解难	1	-10.8802332355,-39.3278712224
1	0	计酬	1	34.1038250585,53.5498975321
1	0	设	1	-12.0034780965,38.643843464
1	0	诈骗	1	-35.6061691904,-16.2700461943
1	0	调节	1	55.5137261609,-29.3170753765
1	0	赠给	1	-3.60588099397,-49.188575625
1	0	超新星	1	-22.875908527,33.4695420819
1	0	超短裙	1	36.6258563907,31.4005476703
1	0	趋向	1	55.1300344332,-30.9671470327
1	0	跃进	1	-8.19698640033,32.2032944994
1	0	跌跤	1	-5.24084340966,16.4937607091
1	0	跳出	1	21.0811246636,-17.3396475712
1	0	躲藏	1	-28.7679050335,-8.89548311398
1	0	车流量	1	1.61610857116,32.2167535335
1	0	轻音乐	1	36.2840567013,-31.383889788
1	0	输变电	1	6.32950338597,52.8338045655
1	0	辞掉	1	-13.7045508282,-30.0234296509
1	0	近视	1	-35.6967840946,26.2465235214
1	0	违抗	1	5.78112265039,-41.5966919612
1	0	迷宫	1	23.4541090222,-9.58779236323
1	0	退役	1	11.7739554974,-36.8626616998
1	0	退稿	1	27.988219834,-42.7988219723
1	0	逃命	1	-27.7340484229,-7.93331440375
1	0	途径	1	-43.1927141914,-25.1439700583
1	0	通知	1	-52.455703627,-18.7150503713
1	0	遭际	1	18.6167795125,-41.7475597684
1	0	邮资	1	-59.569881507,-20.6944654376
1	0	配药	1	-48.1256378734,19.1171257798
1	0	酒宴	1	35.3950659567,11.4719838695
1	0	酗酒	1	7.67102411213,-24.6379859377
1	0	酸痛	1	-7.74048749097,8.14830320941
1	0	野味	1	19.5002196123,10.2348543439
1	0	针叶林	1	43.1127513514,3.8406612335
1	0	钢钎	1	2.49207434498,16.4708151972
1	0	铁人	1	-1.24093179592,-19.9683161513
1	0	铜壶	1	24.3644683815,22.1337051229
1	0	银器	1	25.2224252966,21.202718738
1	0	错误率	1	-24.2296849023,44.9275796822
1	0	错过	1	-4.89561228969,-2.90362602758
1	0	锯	1	-12.7042194917,-2.10404701724
1	0	门环	1	22.2461757422,22.5997172747
1	0	防腐剂	1	9.91035190068,62.2700279971
1	0	阴森	1	24.1275303639,-10.2889276311
1	0	阴部	1	-34.2714786117,27.9396613246
1	0	陈酒	1	28.8928264536,48.8094461427
1	0	陶醉	1	27.948863592,-3.26184815282
1	0	陷入	1	14.1765247098,-20.1513554451
1	0	难民	1	-22.9788567684,-27.6935821277
1	0	雕刻刀	1	24.4408472517,24.0736050185
1	0	雪地鞋	1	-5.46427831074,18.1354749296
1	0	露出	1	36.7599452744,-16.1938499214
1	0	青花瓷	1	25.8758554642,21.844142122
1	0	静默	1	32.4632069201,-8.06955756861
1	0	非农业	1	-34.4221270837,-36.0850061766
1	0	领款	1	-38.334596534,-21.3624117602
1	0	颜色	1	23.1762202921,32.8466039197
1	0	风向标	1	54.1749657436,-34.3323085856
1	0	飞絮	1	44.6188852329,2.02893098907
1	0	馆舍	1	10.3692343935,26.928502083
1	0	首肯	1	-49.9521221499,-28.6360699872
1	0	马匹	1	21.9025197365,9.75463116181
1	0	驶抵	1	6.35202745918,44.5772887407
1	0	高妙	1	23.2779887013,-38.0877626114
1	0	高耸	1	10.4852791147,21.4263841692
1	0	高能耗	1	3.64836632907,56.150477255
1	0	鸿雁	1	24.0987075457,1.15746130735
1	0	黑发	1	41.9873756849,-8.95844518916
1	0	鼻音	1	38.0214893676,-21.4058046172
1	0	龙门吊	1	-0.132759553702,45.9758969714
1	1	公交	5	-7.98551682693,42.2624145707
1	1	乘客	4	-5.02222464765,39.3038049567
1	1	司机	4	-4.66447865934,38.9824530089
1	1	大火	4	-21.7483741965,12.2804486774
1	1	巴士	4	-6.9483372454,42.6446889877
1	1	着火	4	-23.3662974229,11.7176759031
1	1	纵火	4	-24.4320417345,5.38703605923
1	1	起火	4	-23.8299745394,11.4226926405
1	1	扑火	1	-19.3334372893,14.7202748791
1	1	扑灭	1	-21.3530608475,13.7684009288
1	1	救护车	1	-25.4300929538,21.7691769113
1	1	救火	1	-21.3401167977,15.7910872708
1	1	消防	1	-22.6058686346,17.5351029194
1	1	消防车	1	-22.6232129672,18.570585065
1	1	火	1	-17.4118586791,9.66060844073
1	1	火光	1	-19.8552567913,11.3510638819
1	1	火势	1	-22.6617143808,13.5802216264
1	1	烧毁	1	-23.4890633088,9.08063414742
1	1	燃烧	1	-20.9189951267,9.95109608966
1	1	疏散	1	-24.7866370597,17.4698764457
1	1	车	1	-1.21199105628,37.217535552
1	1	车站	1	-8.1685433314,41.589690673
1	1	车辆	1	-0.888545240738,36.5414910542
1	1	道路	1	1.38171416313,30.6315636236
1	1	面包车	1	-2.75238042765,37.3754842847
1	1	马路	1	3.40652971404,29.7572768942
1	2	恐怖	3	-28.3999247478,2.50262147942
1	2	暴力	3	-26.8801441105,2.07329228729
1	2	袭击	3	-28.7082820663,2.63785202394
1	2	暴徒	2	-24.9703735799,-0.115759749559
1	2	人质	1	-27.594620527,-1.28423649227
1	2	击毙	1	-27.2069410929,-2.4825941897
1	2	嫌疑人	1	-30.3008117025,-11.3145462179
1	2	打砸抢	1	-24.6677506191,4.20853098353
1	2	抢劫	1	-21.7538221718,-2.81305826025
1	2	杀人案	1	-23.0322127609,-5.20057904088
1	2	枪杀	1	-26.0554048612,-2.79628234563
1	2	武警	1	-23.5231158456,-14.8170982608
1	2	歹徒	1	-20.2745939674,-1.77234990938
1	2	民警	1	-29.4994393967,-12.8952295057
1	2	炸弹	1	-28.0042509974,8.48044712809
1	2	爆炸	1	-27.6328656771,9.53469195449
1	2	特警	1	-23.689620773,-14.2128956203
1	2	犯罪	1	-35.3670034675,-13.9424820584
1	2	缴获	1	-28.4938142278,-3.56673239859
1	2	警方	1	-30.0825711778,-12.382131344
1	2	逃犯	1	-29.7329772648,-10.0877663667
1	3	刀	3	-16.9527247333,-1.33617546842
1	3	学校	3	-57.0890894808,10.331389294
1	3	砍	3	-15.5807258874,-2.47406337428
1	3	中学	2	-60.7178165517,9.9331776536
1	3	初中	2	-62.4853873953,8.02120683458
1	3	大学	2	-59.5748430373,11.9937656218
1	3	学生	2	-56.5830705071,9.55031096111
1	3	小学	2	-61.3270380119,9.77464476706
1	3	菜刀	2	-17.3257044748,-0.621588293199
1	3	高中	2	-62.2406515799,7.72991943193
1	3	上学	1	-49.6525980212,7.5086257158
1	3	上课	1	-50.6655777831,12.2539163436
1	3	中学生	1	-57.5200860895,5.26491689554
1	3	初中生	1	-57.8426484556,4.16449031026
1	3	刺	1	-16.2784020774,-4.17754732058
1	3	刺伤	1	-18.8480131787,-1.6983306729
1	3	割	1	-14.1448280541,-0.969609810767
1	3	同学	1	-53.1374063149,11.7654352477
1	3	大学生	1	-57.8837264133,7.47106408062
1	3	孩子	1	-51.661945229,5.86468673661
1	3	家长	1	-52.1384490752,5.97395471567
1	3	小学生	1	-56.805854904,4.13299754387
1	3	放学	1	-48.7378297576,8.42741337747
1	3	教室	1	-50.2722688302,11.6451681125
1	3	教师	1	-56.2660140035,12.3565533606
1	3	校医	1	-48.4085179963,17.9726491518
1	3	校方	1	-54.9869006894,9.43639948537
1	3	老师	1	-52.6889485861,12.913237586
1	3	高中生	1	-58.5232493693,5.67031660908
